401.400000 260.100000 0 0
243.000000 198.900000 1 0
168
111.000000 0.000000 163.800000 0.000000
111.000000 0.000000 111.000000 30.600000
163.800000 0.000000 216.600000 0.000000
163.800000 30.600000 216.600000 30.600000
216.600000 0.000000 269.400000 0.000000
269.400000 0.000000 269.400000 30.600000
269.400000 0.000000 322.200000 0.000000
269.400000 30.600000 322.200000 30.600000
269.400000 0.000000 269.400000 30.600000
322.200000 0.000000 375.000000 0.000000
111.000000 30.600000 111.000000 61.200000
163.800000 30.600000 216.600000 30.600000
216.600000 30.600000 216.600000 61.200000
216.600000 61.200000 269.400000 61.200000
216.600000 30.600000 216.600000 61.200000
269.400000 30.600000 322.200000 30.600000
269.400000 61.200000 322.200000 61.200000
322.200000 61.200000 375.000000 61.200000
163.800000 61.200000 163.800000 91.800000
111.000000 61.200000 111.000000 91.800000
163.800000 91.800000 216.600000 91.800000
163.800000 61.200000 163.800000 91.800000
216.600000 61.200000 269.400000 61.200000
216.600000 91.800000 269.400000 91.800000
269.400000 61.200000 322.200000 61.200000
269.400000 91.800000 322.200000 91.800000
322.200000 61.200000 375.000000 61.200000
322.200000 91.800000 375.000000 91.800000
163.800000 91.800000 163.800000 122.400000
111.000000 91.800000 111.000000 122.400000
163.800000 91.800000 216.600000 91.800000
163.800000 122.400000 216.600000 122.400000
163.800000 91.800000 163.800000 122.400000
216.600000 91.800000 269.400000 91.800000
216.600000 122.400000 269.400000 122.400000
269.400000 91.800000 322.200000 91.800000
269.400000 122.400000 322.200000 122.400000
322.200000 91.800000 375.000000 91.800000
111.000000 122.400000 111.000000 153.000000
163.800000 122.400000 216.600000 122.400000
216.600000 122.400000 269.400000 122.400000
269.400000 122.400000 322.200000 122.400000
375.000000 0.000000 427.800000 0.000000
427.800000 0.000000 480.600000 0.000000
427.800000 30.600000 480.600000 30.600000
480.600000 0.000000 480.600000 30.600000
480.600000 0.000000 533.400000 0.000000
480.600000 30.600000 533.400000 30.600000
480.600000 0.000000 480.600000 30.600000
533.400000 0.000000 586.200000 0.000000
533.400000 30.600000 586.200000 30.600000
586.200000 0.000000 639.000000 0.000000
639.000000 0.000000 639.000000 30.600000
375.000000 61.200000 427.800000 61.200000
427.800000 30.600000 480.600000 30.600000
427.800000 61.200000 480.600000 61.200000
480.600000 30.600000 533.400000 30.600000
480.600000 61.200000 533.400000 61.200000
533.400000 30.600000 586.200000 30.600000
586.200000 30.600000 586.200000 61.200000
639.000000 30.600000 639.000000 61.200000
586.200000 30.600000 586.200000 61.200000
375.000000 61.200000 427.800000 61.200000
427.800000 61.200000 480.600000 61.200000
427.800000 91.800000 480.600000 91.800000
480.600000 61.200000 533.400000 61.200000
480.600000 91.800000 533.400000 91.800000
533.400000 91.800000 586.200000 91.800000
586.200000 61.200000 586.200000 91.800000
639.000000 61.200000 639.000000 91.800000
586.200000 61.200000 586.200000 91.800000
375.000000 122.400000 427.800000 122.400000
427.800000 91.800000 480.600000 91.800000
480.600000 91.800000 480.600000 122.400000
480.600000 91.800000 533.400000 91.800000
480.600000 122.400000 533.400000 122.400000
480.600000 91.800000 480.600000 122.400000
533.400000 91.800000 586.200000 91.800000
533.400000 122.400000 586.200000 122.400000
639.000000 91.800000 639.000000 122.400000
375.000000 122.400000 427.800000 122.400000
480.600000 122.400000 533.400000 122.400000
533.400000 122.400000 586.200000 122.400000
639.000000 122.400000 639.000000 153.000000
111.000000 183.600000 163.800000 183.600000
111.000000 153.000000 111.000000 183.600000
216.600000 153.000000 216.600000 183.600000
216.600000 183.600000 269.400000 183.600000
216.600000 153.000000 216.600000 183.600000
322.200000 153.000000 322.200000 183.600000
322.200000 153.000000 322.200000 183.600000
111.000000 183.600000 163.800000 183.600000
111.000000 183.600000 111.000000 214.200000
163.800000 214.200000 216.600000 214.200000
216.600000 183.600000 269.400000 183.600000
269.400000 183.600000 269.400000 214.200000
322.200000 183.600000 322.200000 214.200000
269.400000 183.600000 269.400000 214.200000
322.200000 183.600000 322.200000 214.200000
163.800000 214.200000 163.800000 244.800000
111.000000 214.200000 111.000000 244.800000
163.800000 214.200000 216.600000 214.200000
163.800000 244.800000 216.600000 244.800000
163.800000 214.200000 163.800000 244.800000
216.600000 244.800000 269.400000 244.800000
269.400000 214.200000 269.400000 244.800000
269.400000 244.800000 322.200000 244.800000
269.400000 214.200000 269.400000 244.800000
111.000000 244.800000 111.000000 275.400000
163.800000 244.800000 216.600000 244.800000
163.800000 275.400000 216.600000 275.400000
216.600000 244.800000 269.400000 244.800000
269.400000 244.800000 322.200000 244.800000
269.400000 275.400000 322.200000 275.400000
322.200000 244.800000 322.200000 275.400000
322.200000 244.800000 322.200000 275.400000
111.000000 306.000000 163.800000 306.000000
111.000000 275.400000 111.000000 306.000000
163.800000 275.400000 216.600000 275.400000
163.800000 306.000000 216.600000 306.000000
216.600000 275.400000 216.600000 306.000000
216.600000 306.000000 269.400000 306.000000
216.600000 275.400000 216.600000 306.000000
269.400000 275.400000 322.200000 275.400000
269.400000 306.000000 322.200000 306.000000
322.200000 306.000000 375.000000 306.000000
427.800000 183.600000 480.600000 183.600000
480.600000 183.600000 533.400000 183.600000
533.400000 183.600000 586.200000 183.600000
639.000000 153.000000 639.000000 183.600000
375.000000 214.200000 427.800000 214.200000
427.800000 183.600000 480.600000 183.600000
480.600000 183.600000 480.600000 214.200000
480.600000 183.600000 533.400000 183.600000
480.600000 214.200000 533.400000 214.200000
480.600000 183.600000 480.600000 214.200000
533.400000 183.600000 586.200000 183.600000
586.200000 183.600000 586.200000 214.200000
639.000000 183.600000 639.000000 214.200000
586.200000 183.600000 586.200000 214.200000
375.000000 214.200000 427.800000 214.200000
427.800000 214.200000 427.800000 244.800000
427.800000 214.200000 427.800000 244.800000
480.600000 214.200000 533.400000 214.200000
480.600000 244.800000 533.400000 244.800000
533.400000 244.800000 586.200000 244.800000
586.200000 214.200000 586.200000 244.800000
639.000000 214.200000 639.000000 244.800000
586.200000 214.200000 586.200000 244.800000
427.800000 275.400000 480.600000 275.400000
480.600000 244.800000 480.600000 275.400000
480.600000 244.800000 533.400000 244.800000
480.600000 244.800000 480.600000 275.400000
533.400000 244.800000 586.200000 244.800000
586.200000 244.800000 586.200000 275.400000
639.000000 244.800000 639.000000 275.400000
586.200000 244.800000 586.200000 275.400000
375.000000 306.000000 427.800000 306.000000
427.800000 275.400000 427.800000 306.000000
427.800000 275.400000 480.600000 275.400000
427.800000 306.000000 480.600000 306.000000
427.800000 275.400000 427.800000 306.000000
480.600000 306.000000 533.400000 306.000000
533.400000 275.400000 533.400000 306.000000
533.400000 306.000000 586.200000 306.000000
533.400000 275.400000 533.400000 306.000000
586.200000 306.000000 639.000000 306.000000
639.000000 275.400000 639.000000 306.000000
1 454.200000 290.700000 0
